0900 1500 15385496846513
0915 1800 15341681313218
0930 1400 16468462318616
0931 1000 45649645165131
0935 1030 16354846842186
1015 1400 13546843186161
1100 1130 32168468461236
1110 1125 15613846516466
1130 1200 13854861684612
1200 1900 13248343218513
1201 1315 13486151684646
1206 1355 12354315113512
1220 1455 03131651313513
1230 1320 13531318516161
1230 1900 12315613213854
1245 1700 13213541531531
1245 1600 13215316546544
1250 1315 21351613513541
1255 1400 13546316516510
1257 1415 13243546516516
1300 1500 13241654641354
