0900 1500 15385496846513
0915 1800 15341681313218
0930 1400 16468462318616
0931 1000 45649645165131
0935 1030 16354846842186
1015 1400 13546843186161
1100 1130 32168468461236
1110 1125 15613846516466
1130 1200 13854861684612
1200 1900 13248343218513
1201 1315 13486151684646
1206 1355 12354315113512
1220 1455 03131651313513
1230 1320 13531318516161
1230 1900 12315613213854
1245 1700 13213541531531
1245 1600 13215316546544
1250 1315 21351613513541
1255 1400 13546316516510
1257 1415 13243546516516
1300 1500 13241654641354
1305 1515 12351635161651
1306 1350 13241531354165
1307 1340 13413464648614
1308 1500 15385496846798
1315 1800 15341681313456
1330 1400 16468462318321
1331 1500 45649645165951
1335 1530 16354593842186
1315 1600 19236843186161
1400 1630 32102368461236
1410 1625 15685646516466
1430 1600 13855671684612
1500 1700 13897443218513
1501 1715 13484645684646
1506 1755 12321351383512
1520 1755 03106506413513
1530 1720 13506546016161
1530 1900 12301600653854
1545 1700 13064066431531
1545 1900 13065406546544
1550 1715 21300654013541
1555 1700 13060540616510
1557 1715 13240654650516
1600 1800 10650454641354
1605 1815 12306540651651
1606 1850 13206450664165
1607 1840 13410654068614
1700 1820 16541687906165
1730 1830 13466574586546